1024 -1024
512 0 -512 
256 256 -256 -256 
128 256 0 -256 -128 
64 192 128 -128 -192 -64 
32 128 160 0 -160 -128 -32 
16 80 144 80 -80 -144 -80 -16 
8 48 112 112 0 -112 -112 -48 -8 
4 28 80 112 56 -56 -112 -80 -28 -4 
2 16 54 96 84 0 -84 -96 -54 -16 -2 
1 9 35 75 90 42 -42 -90 -75 -35 -9 -1 
5 22 55 83 66 0 -66 -83 -55 -22 -5 
2 13 39 69 74 33 -33 -74 -69 -39 -13 -2 
1 7 26 54 71 54 0 -54 -71 -54 -26 -7 -1 
4 17 40 62 62 27 -27 -62 -62 -40 -17 -4 
2 10 28 51 62 45 0 -45 -62 -51 -28 -10 -2 
1 6 19 39 56 54 23 -23 -54 -56 -39 -19 -6 -1 
3 13 29 47 55 39 0 -39 -55 -47 -29 -13 -3 
1 8 21 38 51 47 20 -20 -47 -51 -38 -21 -8 -1 
4 15 30 44 49 34 0 -34 -49 -44 -30 -15 -4 
2 9 22 37 47 42 17 -17 -42 -47 -37 -22 -9 -2 
1 5 15 30 42 44 30 0 -30 -44 -42 -30 -15 -5 -1 
3 10 22 36 43 37 15 -15 -37 -43 -36 -22 -10 -3 
1 6 16 29 40 40 26 0 -26 -40 -40 -29 -16 -6 -1 
3 11 23 35 40 33 13 -13 -33 -40 -35 -23 -11 -3 
1 7 17 29 38 36 23 0 -23 -36 -38 -29 -17 -7 -1 
4 12 23 34 37 29 11 -11 -29 -37 -34 -23 -12 -4 
2 8 17 28 36 33 20 0 -20 -33 -36 -28 -17 -8 -2 
1 5 12 22 32 35 27 10 -10 -27 -35 -32 -22 -12 -5 -1 
3 9 17 27 33 31 19 0 -19 -31 -33 -27 -17 -9 -3 
1 6 13 22 30 32 25 9 -9 -25 -32 -30 -22 -13 -6 -1 
3 10 18 26 31 28 17 0 -17 -28 -31 -26 -18 -10 -3 
1 6 14 22 29 30 22 8 -8 -22 -30 -29 -22 -14 -6 -1 
3 10 18 26 30 26 15 0 -15 -26 -30 -26 -18 -10 -3 
1 6 14 22 28 28 21 8 -8 -21 -28 -28 -22 -14 -6 -1 
3 10 18 25 28 25 15 0 -15 -25 -28 -25 -18 -10 -3 
1 6 14 22 27 26 20 8 -8 -20 -26 -27 -22 -14 -6 -1 
3 10 18 25 27 23 14 0 -14 -23 -27 -25 -18 -10 -3 
1 6 14 22 26 25 19 7 -7 -19 -25 -26 -22 -14 -6 -1 
3 10 18 24 26 22 13 0 -13 -22 -26 -24 -18 -10 -3 
1 6 14 21 25 24 18 7 -7 -18 -24 -25 -21 -14 -6 -1 
3 10 18 23 24 21 13 0 -13 -21 -24 -23 -18 -10 -3 
1 6 14 21 24 22 17 7 -7 -17 -22 -24 -21 -14 -6 -1 
3 10 18 23 23 19 12 0 -12 -19 -23 -23 -18 -10 -3 
1 6 14 21 23 21 16 6 -6 -16 -21 -23 -21 -14 -6 -1 
3 10 18 22 22 19 11 0 -11 -19 -22 -22 -18 -10 -3 
1 6 14 20 22 21 15 5 -5 -15 -21 -22 -20 -14 -6 -1 
3 10 17 21 22 18 10 0 -10 -18 -22 -21 -17 -10 -3 
1 6 14 19 21 20 14 5 -5 -14 -20 -21 -19 -14 -6 -1 
3 10 17 20 20 17 10 0 -10 -17 -20 -20 -17 -10 -3 
1 6 14 19 20 18 13 5 -5 -13 -18 -20 -19 -14 -6 -1 
3 10 17 20 19 15 9 0 -9 -15 -19 -20 -17 -10 -3 
1 6 14 19 19 17 12 4 -4 -12 -17 -19 -19 -14 -6 -1 
3 10 17 19 18 15 8 0 -8 -15 -18 -19 -17 -10 -3 
1 6 14 18 18 17 12 4 -4 -12 -17 -18 -18 -14 -6 -1 
3 10 16 18 18 15 8 0 -8 -15 -18 -18 -16 -10 -3 
1 6 13 17 18 17 12 4 -4 -12 -17 -18 -17 -13 -6 -1 
3 10 15 17 18 15 8 0 -8 -15 -18 -17 -15 -10 -3 
1 6 13 16 17 17 12 4 -4 -12 -17 -17 -16 -13 -6 -1 
3 10 15 16 17 15 8 0 -8 -15 -17 -16 -15 -10 -3 
1 6 13 16 16 16 12 4 -4 -12 -16 -16 -16 -13 -6 -1 
3 10 15 16 16 14 8 0 -8 -14 -16 -16 -15 -10 -3 
1 6 13 16 16 15 11 4 -4 -11 -15 -16 -16 -13 -6 -1 
3 10 15 16 15 13 8 0 -8 -13 -15 -16 -15 -10 -3 
1 6 13 16 15 14 11 4 -4 -11 -14 -15 -16 -13 -6 -1 
3 10 15 15 14 13 8 0 -8 -13 -14 -15 -15 -10 -3 
1 6 13 15 14 14 11 4 -4 -11 -14 -14 -15 -13 -6 -1 
3 10 14 14 14 13 8 0 -8 -13 -14 -14 -14 -10 -3 
1 6 12 14 14 14 11 4 -4 -11 -14 -14 -14 -12 -6 -1 
3 9 13 14 14 13 8 0 -8 -13 -14 -14 -13 -9 -3 
1 6 11 13 14 14 11 4 -4 -11 -14 -14 -13 -11 -6 -1 
3 9 12 13 14 13 8 0 -8 -13 -14 -13 -12 -9 -3 
1 6 11 12 13 14 11 4 -4 -11 -14 -13 -12 -11 -6 -1 
3 9 12 12 13 13 8 0 -8 -13 -13 -12 -12 -9 -3 
1 6 11 12 12 13 11 4 -4 -11 -13 -12 -12 -11 -6 -1 
3 9 12 12 12 12 8 0 -8 -12 -12 -12 -12 -9 -3 
1 6 11 12 12 12 10 4 -4 -10 -12 -12 -12 -11 -6 -1 
3 9 12 12 12 11 7 0 -7 -11 -12 -12 -12 -9 -3 
1 6 11 12 12 11 9 4 -4 -9 -11 -12 -12 -11 -6 -1 
3 9 12 12 11 10 7 0 -7 -10 -11 -12 -12 -9 -3 
1 6 11 12 11 10 9 4 -4 -9 -10 -11 -12 -11 -6 -1 
3 9 12 11 10 10 7 0 -7 -10 -10 -11 -12 -9 -3 
1 6 11 11 10 10 9 4 -4 -9 -10 -10 -11 -11 -6 -1 
3 9 11 10 10 10 7 0 -7 -10 -10 -10 -11 -9 -3 
1 6 10 10 10 10 9 4 -4 -9 -10 -10 -10 -10 -6 -1 
3 8 10 10 10 10 7 0 -7 -10 -10 -10 -10 -8 -3 
1 5 9 10 10 10 9 4 -4 -9 -10 -10 -10 -9 -5 -1 
3 7 9 10 10 10 7 0 -7 -10 -10 -10 -9 -7 -3 
1 5 8 9 10 10 9 4 -4 -9 -10 -10 -9 -8 -5 -1 
3 7 8 9 10 10 7 0 -7 -10 -10 -9 -8 -7 -3 
1 5 8 8 9 10 9 4 -4 -9 -10 -9 -8 -8 -5 -1 
3 7 8 8 9 10 7 0 -7 -10 -9 -8 -8 -7 -3 
1 5 8 8 8 9 9 4 -4 -9 -9 -8 -8 -8 -5 -1 
3 7 8 8 8 9 7 0 -7 -9 -8 -8 -8 -7 -3 
1 5 8 8 8 8 8 4 -4 -8 -8 -8 -8 -8 -5 -1 
3 7 8 8 8 8 6 0 -6 -8 -8 -8 -8 -7 -3 
1 5 8 8 8 8 7 3 -3 -7 -8 -8 -8 -8 -5 -1 
3 7 8 8 8 7 5 0 -5 -7 -8 -8 -8 -7 -3 
1 5 8 8 8 7 6 3 -3 -6 -7 -8 -8 -8 -5 -1 
3 7 8 8 7 6 5 0 -5 -6 -7 -8 -8 -7 -3 
1 5 8 8 7 6 6 3 -3 -6 -6 -7 -8 -8 -5 -1 
3 7 8 7 6 6 5 0 -5 -6 -6 -7 -8 -7 -3 
1 5 8 7 6 6 6 3 -3 -6 -6 -6 -7 -8 -5 -1 
3 7 7 6 6 6 5 0 -5 -6 -6 -6 -7 -7 -3 
1 5 7 6 6 6 6 3 -3 -6 -6 -6 -6 -7 -5 -1 
3 6 6 6 6 6 5 0 -5 -6 -6 -6 -6 -6 -3 
1 4 6 6 6 6 6 3 -3 -6 -6 -6 -6 -6 -4 -1 
2 5 6 6 6 6 5 0 -5 -6 -6 -6 -6 -5 -2 
1 3 5 6 6 6 6 3 -3 -6 -6 -6 -6 -5 -3 -1 
2 4 5 6 6 6 5 0 -5 -6 -6 -6 -5 -4 -2 
1 3 4 5 6 6 6 3 -3 -6 -6 -6 -5 -4 -3 -1 
2 4 4 5 6 6 5 0 -5 -6 -6 -5 -4 -4 -2 
1 3 4 4 5 6 6 3 -3 -6 -6 -5 -4 -4 -3 -1 
2 4 4 4 5 6 5 0 -5 -6 -5 -4 -4 -4 -2 
1 3 4 4 4 5 6 3 -3 -6 -5 -4 -4 -4 -3 -1 
2 4 4 4 4 5 5 0 -5 -5 -4 -4 -4 -4 -2 
1 3 4 4 4 4 5 3 -3 -5 -4 -4 -4 -4 -3 -1 
2 4 4 4 4 4 4 0 -4 -4 -4 -4 -4 -4 -2 
1 3 4 4 4 4 4 2 -2 -4 -4 -4 -4 -4 -3 -1 
2 4 4 4 4 4 3 0 -3 -4 -4 -4 -4 -4 -2 
1 3 4 4 4 4 3 1 -1 -3 -4 -4 -4 -4 -3 -1 
2 4 4 4 4 3 2 0 -2 -3 -4 -4 -4 -4 -2 
1 3 4 4 4 3 2 1 -1 -2 -3 -4 -4 -4 -3 -1 
2 4 4 4 3 2 2 0 -2 -2 -3 -4 -4 -4 -2 
1 3 4 4 3 2 2 1 -1 -2 -2 -3 -4 -4 -3 -1 
2 4 4 3 2 2 2 0 -2 -2 -2 -3 -4 -4 -2 
1 3 4 3 2 2 2 1 -1 -2 -2 -2 -3 -4 -3 -1 
2 4 3 2 2 2 2 0 -2 -2 -2 -2 -3 -4 -2 
1 3 3 2 2 2 2 1 -1 -2 -2 -2 -2 -3 -3 -1 
2 3 2 2 2 2 2 0 -2 -2 -2 -2 -2 -3 -2 
1 2 2 2 2 2 2 1 -1 -2 -2 -2 -2 -2 -2 -1 
1 2 2 2 2 2 2 0 -2 -2 -2 -2 -2 -2 -1 
1 2 2 2 2 2 1 -1 -2 -2 -2 -2 -2 -1 
1 2 2 2 2 2 0 -2 -2 -2 -2 -2 -1 
1 2 2 2 2 1 -1 -2 -2 -2 -2 -1 
1 2 2 2 2 0 -2 -2 -2 -2 -1 
1 2 2 2 1 -1 -2 -2 -2 -1 
1 2 2 2 0 -2 -2 -2 -1 
1 2 2 1 -1 -2 -2 -1 
1 2 2 0 -2 -2 -1 
1 2 1 -1 -2 -1 
1 2 0 -2 -1 
1 1 -1 -1 
1 0 -1 

=== Code Execution Successful ===
