128 -128
64 0 -64 
32 32 -32 -32 
16 32 0 -32 -16 
8 24 16 -16 -24 -8 
4 16 20 0 -20 -16 -4 
2 10 18 10 -10 -18 -10 -2 
1 6 14 14 0 -14 -14 -6 -1 
3 10 14 7 -7 -14 -10 -3 
1 6 12 11 0 -11 -12 -6 -1 
3 9 12 6 -6 -12 -9 -3 
1 6 11 9 0 -9 -11 -6 -1 
3 9 10 4 -4 -10 -9 -3 
1 6 10 7 0 -7 -10 -6 -1 
3 8 9 4 -4 -9 -8 -3 
1 5 9 7 0 -7 -9 -5 -1 
3 7 8 4 -4 -8 -7 -3 
1 5 8 6 0 -6 -8 -5 -1 
3 7 7 3 -3 -7 -7 -3 
1 5 7 5 0 -5 -7 -5 -1 
3 6 6 3 -3 -6 -6 -3 
1 4 6 5 0 -5 -6 -4 -1 
2 5 6 3 -3 -6 -5 -2 
1 3 5 5 0 -5 -5 -3 -1 
2 4 5 3 -3 -5 -4 -2 
1 3 4 4 0 -4 -4 -3 -1 
2 4 4 2 -2 -4 -4 -2 
1 3 4 3 0 -3 -4 -3 -1 
2 4 3 1 -1 -3 -4 -2 
1 3 3 2 0 -2 -3 -3 -1 
2 3 2 1 -1 -2 -3 -2 
1 2 2 2 0 -2 -2 -2 -1 
1 2 2 1 -1 -2 -2 -1 
1 2 2 0 -2 -2 -1 
1 2 1 -1 -2 -1 
1 2 0 -2 -1 
1 1 -1 -1 
1 0 -1 
