1024

512 512

256 512 256

128 384 384 128

64 256 384 256 64

32 160 320 320 160 32

16 96 240 320 240 96 16

8 56 168 280 280 168 56 8

4 32 112 224 280 224 112 32 4

2 18 72 168 252 252 168 72 18 2

1 10 45 120 210 252 210 120 45 10 1

5 27 82 165 231 231 165 82 27 5

2 15 54 123 197 230 197 123 54 15 2

1 8 34 88 159 213 213 159 88 34 8 1

4 21 61 123 185 212 185 123 61 21 4

2 12 40 91 153 198 198 153 91 40 12 2

1 7 26 65 121 175 198 175 121 65 26 7 1

3 16 45 92 147 186 186 147 92 45 16 3

1 9 30 68 119 166 186 166 119 68 30 9 1

4 19 49 93 142 176 176 142 93 49 19 4

2 11 33 70 117 159 176 159 117 70 33 11 2

1 6 21 51 93 137 167 167 137 93 51 21 6 1

3 13 35 71 114 151 166 151 114 71 35 13 3

1 7 23 52 92 132 158 158 132 92 52 23 7 1

3 14 37 72 112 145 158 145 112 72 37 14 3

1 8 25 54 92 128 151 151 128 92 54 25 8 1

4 16 39 73 110 139 150 139 110 73 39 16 4

2 10 27 55 91 124 144 144 124 91 55 27 10 2

1 6 18 40 72 107 134 144 134 107 72 40 18 6 1

3 12 29 56 89 120 139 139 120 89 56 29 12 3

1 7 20 42 72 104 129 138 129 104 72 42 20 7 1

3 13 31 57 88 116 133 133 116 88 57 31 13 3

1 7 21 43 72 102 124 132 124 102 72 43 21 7 1

3 13 31 57 87 113 128 128 113 87 57 31 13 3

1 7 21 43 71 99 120 128 120 99 71 43 21 7 1

3 13 31 56 84 109 124 124 109 84 56 31 13 3

1 7 21 43 70 96 116 124 116 96 70 43 21 7 1

3 13 31 56 83 106 120 120 106 83 56 31 13 3

1 7 21 43 69 94 113 120 113 94 69 43 21 7 1

3 13 31 55 81 103 116 116 103 81 55 31 13 3

1 7 21 42 67 91 109 116 109 91 67 42 21 7 1

3 13 31 54 78 99 112 112 99 78 54 31 13 3

1 7 21 42 66 88 105 112 105 88 66 42 21 7 1

3 13 31 54 77 96 108 108 96 77 54 31 13 3

1 7 21 42 65 86 102 108 102 86 65 42 21 7 1

3 13 31 53 75 94 105 105 94 75 53 31 13 3

1 7 21 41 63 84 99 104 99 84 63 41 21 7 1

3 13 30 51 73 91 101 101 91 73 51 30 13 3

1 7 21 40 61 81 95 100 95 81 61 40 21 7 1

3 13 30 50 70 87 97 97 87 70 50 30 13 3

1 7 21 40 60 78 91 96 91 78 60 40 21 7 1

3 13 30 50 69 84 93 93 84 69 50 30 13 3

1 7 21 40 59 76 88 92 88 76 59 40 21 7 1

3 13 30 49 67 82 90 90 82 67 49 30 13 3

1 7 21 39 57 74 86 90 86 74 57 39 21 7 1

3 13 29 47 65 80 88 88 80 65 47 29 13 3

1 7 20 37 55 72 84 88 84 72 55 37 20 7 1

3 13 28 45 63 78 86 86 78 63 45 28 13 3

1 7 20 36 53 70 82 86 82 70 53 36 20 7 1

3 13 28 44 61 76 84 84 76 61 44 28 13 3

1 7 20 36 52 68 80 84 80 68 52 36 20 7 1

3 13 28 44 60 74 82 82 74 60 44 28 13 3

1 7 20 36 52 67 78 82 78 67 52 36 20 7 1

3 13 28 44 59 72 80 80 72 59 44 28 13 3

1 7 20 36 51 65 76 80 76 65 51 36 20 7 1

3 13 28 43 57 70 78 78 70 57 43 28 13 3

1 7 20 35 49 63 74 78 74 63 49 35 20 7 1

3 13 27 41 55 68 76 76 68 55 41 27 13 3

1 7 19 33 47 61 72 76 72 61 47 33 19 7 1

3 12 25 39 53 66 74 74 66 53 39 25 12 3

1 7 18 31 45 59 70 74 70 59 45 31 18 7 1

3 12 24 37 51 64 72 72 64 51 37 24 12 3

1 7 18 30 43 57 68 72 68 57 43 30 18 7 1

3 12 24 36 49 62 70 70 62 49 36 24 12 3

1 7 18 30 42 55 66 70 66 55 42 30 18 7 1

3 12 24 36 48 60 68 68 60 48 36 24 12 3

1 7 18 30 42 54 64 68 64 54 42 30 18 7 1

3 12 24 36 48 59 66 66 59 48 36 24 12 3

1 7 18 30 42 53 62 66 62 53 42 30 18 7 1

3 12 24 36 47 57 64 64 57 47 36 24 12 3

1 7 18 30 41 51 60 64 60 51 41 30 18 7 1

3 12 24 35 45 55 62 62 55 45 35 24 12 3

1 7 18 29 39 49 58 62 58 49 39 29 18 7 1

3 12 23 33 43 53 60 60 53 43 33 23 12 3

1 7 17 27 37 47 56 60 56 47 37 27 17 7 1

3 11 21 31 41 51 58 58 51 41 31 21 11 3

1 6 15 25 35 45 54 58 54 45 35 25 15 6 1

3 10 19 29 39 49 56 56 49 39 29 19 10 3

1 6 14 23 33 43 52 56 52 43 33 23 14 6 1

3 10 18 27 37 47 54 54 47 37 27 18 10 3

1 6 14 22 31 41 50 54 50 41 31 22 14 6 1

3 10 18 26 35 45 52 52 45 35 26 18 10 3

1 6 14 22 30 39 48 52 48 39 30 22 14 6 1

3 10 18 26 34 43 50 50 43 34 26 18 10 3

1 6 14 22 30 38 46 50 46 38 30 22 14 6 1

3 10 18 26 34 42 48 48 42 34 26 18 10 3

1 6 14 22 30 38 45 48 45 38 30 22 14 6 1

3 10 18 26 34 41 46 46 41 34 26 18 10 3

1 6 14 22 30 37 43 46 43 37 30 22 14 6 1

3 10 18 26 33 39 44 44 39 33 26 18 10 3

1 6 14 22 29 35 41 44 41 35 29 22 14 6 1

3 10 18 25 31 37 42 42 37 31 25 18 10 3

1 6 14 21 27 33 39 42 39 33 27 21 14 6 1

3 10 17 23 29 35 40 40 35 29 23 17 10 3

1 6 13 19 25 31 37 40 37 31 25 19 13 6 1

3 9 15 21 27 33 38 38 33 27 21 15 9 3

1 5 11 17 23 29 35 38 35 29 23 17 11 5 1

2 7 13 19 25 31 36 36 31 25 19 13 7 2

1 4 9 15 21 27 33 36 33 27 21 15 9 4 1

2 6 11 17 23 29 34 34 29 23 17 11 6 2

1 4 8 13 19 25 31 34 31 25 19 13 8 4 1

2 6 10 15 21 27 32 32 27 21 15 10 6 2

1 4 8 12 17 23 29 32 29 23 17 12 8 4 1

2 6 10 14 19 25 30 30 25 19 14 10 6 2

1 4 8 12 16 21 27 30 27 21 16 12 8 4 1

2 6 10 14 18 23 28 28 23 18 14 10 6 2

1 4 8 12 16 20 25 28 25 20 16 12 8 4 1

2 6 10 14 18 22 26 26 22 18 14 10 6 2

1 4 8 12 16 20 24 26 24 20 16 12 8 4 1

2 6 10 14 18 22 25 25 22 18 14 10 6 2

1 4 8 12 16 20 23 24 23 20 16 12 8 4 1

2 6 10 14 18 21 23 23 21 18 14 10 6 2

1 4 8 12 16 19 21 22 21 19 16 12 8 4 1

2 6 10 14 17 19 21 21 19 17 14 10 6 2

1 4 8 12 15 17 19 20 19 17 15 12 8 4 1

2 6 10 13 15 17 19 19 17 15 13 10 6 2

1 4 8 11 13 15 17 18 17 15 13 11 8 4 1

2 6 9 11 13 15 17 17 15 13 11 9 6 2

1 4 7 9 11 13 15 16 15 13 11 9 7 4 1

2 5 7 9 11 13 15 15 13 11 9 7 5 2

1 3 5 7 9 11 13 14 13 11 9 7 5 3 1

1 3 5 7 9 11 13 13 11 9 7 5 3 1

1 3 5 7 9 11 12 11 9 7 5 3 1

1 3 5 7 9 11 11 9 7 5 3 1

1 3 5 7 9 10 9 7 5 3 1

1 3 5 7 9 9 7 5 3 1

1 3 5 7 8 7 5 3 1

1 3 5 7 7 5 3 1

1 3 5 6 5 3 1

1 3 5 5 3 1

1 3 4 3 1

1 3 3 1

1 2 1

1 1