512 512

512 0 512

384 256 256 384

256 320 0 320 256

160 288 160 160 288 160

96 224 224 0 224 224 96

56 160 224 112 112 224 160 56

32 108 192 168 0 168 192 108 32

18 70 150 180 84 84 180 150 70 18

10 44 110 165 132 0 132 165 110 44 10

27 77 138 149 66 66 149 138 77 27

16 52 107 144 108 0 108 144 107 52 16

9 34 79 125 126 54 54 126 125 79 34 9

22 56 102 126 90 0 90 126 102 56 22

13 39 79 114 108 45 45 108 114 79 39 13

7 26 59 96 111 77 0 77 111 96 59 26 7

17 42 77 104 94 38 38 94 104 77 42 17

10 29 60 91 99 66 0 66 99 91 60 29 10

6 19 44 76 95 82 33 33 82 95 76 44 19 6

13 32 60 85 88 58 0 58 88 85 60 32 13

8 23 46 72 86 73 29 29 73 86 72 46 23 8

16 35 59 79 79 51 0 51 79 79 59 35 16

10 25 47 69 79 65 25 25 65 79 69 47 25 10

6 17 36 58 74 72 45 0 45 72 74 58 36 17 6

12 27 47 66 73 58 22 22 58 73 66 47 27 12

7 20 37 56 70 66 40 0 40 66 70 56 37 20 7

14 28 46 63 68 53 20 20 53 68 63 46 28 14

9 21 37 54 65 61 37 0 37 61 65 54 37 21 9

5 15 29 45 60 63 49 19 19 49 63 60 45 29 15 5

10 22 37 52 62 56 34 0 34 56 62 52 37 22 10

6 16 30 45 57 59 45 17 17 45 59 57 45 30 16 6

11 23 38 51 58 52 31 0 31 52 58 51 38 23 11

7 17 30 45 55 55 41 15 15 41 55 55 45 30 17 7

12 23 38 50 55 48 28 0 28 48 55 50 38 23 12

8 17 30 44 53 52 38 14 14 38 52 53 44 30 17 8

5 12 23 37 49 53 45 26 0 26 45 53 49 37 23 12 5

9 17 30 43 51 49 35 13 13 35 49 51 43 30 17 9

6 13 23 37 47 50 42 24 0 24 42 50 47 37 23 13 6

10 18 30 42 48 46 33 12 12 33 46 48 42 30 18 10

6 14 24 36 45 47 40 23 0 23 40 47 45 36 24 14 6

10 19 30 41 46 43 32 12 12 32 43 46 41 30 19 10

6 15 25 35 43 45 38 22 0 22 38 45 43 35 25 15 6

11 20 30 39 44 42 30 11 11 30 42 44 39 30 20 11

7 16 25 34 41 43 36 21 0 21 36 43 41 34 25 16 7

12 20 29 38 42 39 29 11 11 29 39 42 38 29 20 12

8 16 24 33 40 41 34 20 0 20 34 41 40 33 24 16 8

5 12 20 28 36 41 38 27 10 10 27 38 41 36 28 20 12 5

9 16 24 32 38 39 33 19 0 19 33 39 38 32 24 16 9

6 13 20 28 35 38 36 26 9 9 26 36 38 35 28 20 13 6

10 17 24 31 36 37 31 18 0 18 31 37 36 31 24 17 10

6 14 21 27 33 37 34 24 9 9 24 34 37 33 27 21 14 6

10 18 24 30 35 35 29 17 0 17 29 35 35 30 24 18 10

6 14 21 27 33 35 32 23 8 8 23 32 35 33 27 21 14 6

10 18 24 30 34 33 28 16 0 16 28 33 34 30 24 18 10

6 14 21 27 32 34 31 22 8 8 22 31 34 32 27 21 14 6

10 18 24 29 33 33 27 15 0 15 27 33 33 29 24 18 10

6 14 21 27 31 33 30 21 8 8 21 30 33 31 27 21 14 6

10 18 24 29 32 31 26 15 0 15 26 31 32 29 24 18 10

6 14 21 27 31 31 28 21 8 8 21 28 31 31 27 21 14 6

10 18 24 29 31 29 25 15 0 15 25 29 31 29 24 18 10

6 14 21 27 30 30 27 20 8 8 20 27 30 30 27 21 14 6

10 18 24 28 30 29 24 14 0 14 24 29 30 28 24 18 10

6 14 21 26 29 30 27 19 7 7 19 27 30 29 26 21 14 6

10 18 24 27 29 29 23 13 0 13 23 29 29 27 24 18 10

6 14 21 26 28 29 26 18 7 7 18 26 29 28 26 21 14 6

10 18 24 27 28 27 22 13 0 13 22 27 28 27 24 18 10

6 14 21 26 28 27 24 18 7 7 18 24 27 28 26 21 14 6

10 18 24 27 27 25 21 13 0 13 21 25 27 27 24 18 10

6 14 21 26 27 26 23 17 7 7 17 23 26 27 26 21 14 6

10 18 24 26 26 25 20 12 0 12 20 25 26 26 24 18 10

6 14 21 25 26 26 23 16 6 6 16 23 26 26 25 21 14 6

10 18 23 25 26 25 20 11 0 11 20 25 26 25 23 18 10

6 14 21 24 25 26 23 15 5 5 15 23 26 25 24 21 14 6

10 18 23 24 25 25 19 10 0 10 19 25 25 24 23 18 10

6 14 21 24 24 25 22 14 5 5 14 22 25 24 24 21 14 6

10 18 23 24 24 23 18 10 0 10 18 23 24 24 23 18 10

6 14 21 24 24 23 20 14 5 5 14 20 23 24 24 21 14 6

10 18 23 24 23 21 17 10 0 10 17 21 23 24 23 18 10

6 14 21 24 23 22 19 13 5 5 13 19 22 23 24 21 14 6

10 18 23 23 22 21 16 9 0 9 16 21 22 23 23 18 10

6 14 21 23 22 22 19 12 4 4 12 19 22 22 23 21 14 6

10 18 22 22 22 21 16 8 0 8 16 21 22 22 22 18 10

6 14 20 22 22 22 19 12 4 4 12 19 22 22 22 20 14 6

10 17 21 22 22 21 16 8 0 8 16 21 22 22 21 17 10

6 14 19 21 22 22 19 12 4 4 12 19 22 22 21 19 14 6

10 17 20 21 22 21 16 8 0 8 16 21 22 21 20 17 10

6 14 19 20 21 22 19 12 4 4 12 19 22 21 20 19 14 6

10 17 20 20 21 21 16 8 0 8 16 21 21 20 20 17 10

6 14 19 20 20 21 19 12 4 4 12 19 21 20 20 19 14 6

10 17 20 20 20 20 16 8 0 8 16 20 20 20 20 17 10

6 14 19 20 20 20 18 12 4 4 12 18 20 20 20 19 14 6

10 17 20 20 20 19 15 8 0 8 15 19 20 20 20 17 10

6 14 19 20 20 19 17 12 4 4 12 17 19 20 20 19 14 6

10 17 20 20 19 18 15 8 0 8 15 18 19 20 20 17 10

6 14 19 20 19 18 17 12 4 4 12 17 18 19 20 19 14 6

10 17 20 19 18 18 15 8 0 8 15 18 18 19 20 17 10

6 14 19 19 18 18 17 12 4 4 12 17 18 18 19 19 14 6

10 17 19 18 18 18 15 8 0 8 15 18 18 18 19 17 10

6 14 18 18 18 18 17 12 4 4 12 17 18 18 18 18 14 6

10 16 18 18 18 18 15 8 0 8 15 18 18 18 18 16 10

6 13 17 18 18 18 17 12 4 4 12 17 18 18 18 17 13 6

10 15 17 18 18 18 15 8 0 8 15 18 18 18 17 15 10

6 13 16 17 18 18 17 12 4 4 12 17 18 18 17 16 13 6

10 15 16 17 18 18 15 8 0 8 15 18 18 17 16 15 10

6 13 16 16 17 18 17 12 4 4 12 17 18 17 16 16 13 6

10 15 16 16 17 18 15 8 0 8 15 18 17 16 16 15 10

6 13 16 16 16 17 17 12 4 4 12 17 17 16 16 16 13 6

10 15 16 16 16 17 15 8 0 8 15 17 16 16 16 15 10

6 13 16 16 16 16 16 12 4 4 12 16 16 16 16 16 13 6

10 15 16 16 16 16 14 8 0 8 14 16 16 16 16 15 10

6 13 16 16 16 16 15 11 4 4 11 15 16 16 16 16 13 6

10 15 16 16 16 15 13 8 0 8 13 15 16 16 16 15 10

6 13 16 16 16 15 14 11 4 4 11 14 15 16 16 16 13 6

10 15 16 16 15 14 13 8 0 8 13 14 15 16 16 15 10

6 13 16 16 15 14 14 11 4 4 11 14 14 15 16 16 13 6

10 15 16 15 14 14 13 8 0 8 13 14 14 15 16 15 10

6 13 16 15 14 14 14 11 4 4 11 14 14 14 15 16 13 6

10 15 15 14 14 14 13 8 0 8 13 14 14 14 15 15 10

6 13 15 14 14 14 14 11 4 4 11 14 14 14 14 15 13 6

10 14 14 14 14 14 13 8 0 8 13 14 14 14 14 14 10

6 12 14 14 14 14 14 11 4 4 11 14 14 14 14 14 12 6

9 13 14 14 14 14 13 8 0 8 13 14 14 14 14 13 9

6 11 13 14 14 14 14 11 4 4 11 14 14 14 14 13 11 6

9 12 13 14 14 14 13 8 0 8 13 14 14 14 13 12 9

6 11 12 13 14 14 14 11 4 4 11 14 14 14 13 12 11 6

9 12 12 13 14 14 13 8 0 8 13 14 14 13 12 12 9

6 11 12 12 13 14 14 11 4 4 11 14 14 13 12 12 11 6

9 12 12 12 13 14 13 8 0 8 13 14 13 12 12 12 9

6 11 12 12 12 13 14 11 4 4 11 14 13 12 12 12 11 6

9 12 12 12 12 13 13 8 0 8 13 13 12 12 12 12 9

6 11 12 12 12 12 13 11 4 4 11 13 12 12 12 12 11 6

9 12 12 12 12 12 12 8 0 8 12 12 12 12 12 12 9

6 11 12 12 12 12 12 10 4 4 10 12 12 12 12 12 11 6

9 12 12 12 12 12 11 7 0 7 11 12 12 12 12 12 9

6 11 12 12 12 12 11 9 4 4 9 11 12 12 12 12 11 6

9 12 12 12 12 11 10 7 0 7 10 11 12 12 12 12 9

6 11 12 12 12 11 10 9 4 4 9 10 11 12 12 12 11 6

9 12 12 12 11 10 10 7 0 7 10 10 11 12 12 12 9

6 11 12 12 11 10 10 9 4 4 9 10 10 11 12 12 11 6

9 12 12 11 10 10 10 7 0 7 10 10 10 11 12 12 9

6 11 12 11 10 10 10 9 4 4 9 10 10 10 11 12 11 6

9 12 11 10 10 10 10 7 0 7 10 10 10 10 11 12 9

6 11 11 10 10 10 10 9 4 4 9 10 10 10 10 11 11 6

9 11 10 10 10 10 10 7 0 7 10 10 10 10 10 11 9

6 10 10 10 10 10 10 9 4 4 9 10 10 10 10 10 10 6

8 10 10 10 10 10 10 7 0 7 10 10 10 10 10 10 8

5 9 10 10 10 10 10 9 4 4 9 10 10 10 10 10 9 5

7 9 10 10 10 10 10 7 0 7 10 10 10 10 10 9 7

5 8 9 10 10 10 10 9 4 4 9 10 10 10 10 9 8 5

7 8 9 10 10 10 10 7 0 7 10 10 10 10 9 8 7

5 8 8 9 10 10 10 9 4 4 9 10 10 10 9 8 8 5

7 8 8 9 10 10 10 7 0 7 10 10 10 9 8 8 7

5 8 8 8 9 10 10 9 4 4 9 10 10 9 8 8 8 5

7 8 8 8 9 10 10 7 0 7 10 10 9 8 8 8 7

5 8 8 8 8 9 10 9 4 4 9 10 9 8 8 8 8 5

7 8 8 8 8 9 10 7 0 7 10 9 8 8 8 8 7

5 8 8 8 8 8 9 9 4 4 9 9 8 8 8 8 8 5

7 8 8 8 8 8 9 7 0 7 9 8 8 8 8 8 7

5 8 8 8 8 8 8 8 4 4 8 8 8 8 8 8 8 5

7 8 8 8 8 8 8 6 0 6 8 8 8 8 8 8 7

5 8 8 8 8 8 8 7 3 3 7 8 8 8 8 8 8 5

7 8 8 8 8 8 7 5 0 5 7 8 8 8 8 8 7

5 8 8 8 8 8 7 6 3 3 6 7 8 8 8 8 8 5

7 8 8 8 8 7 6 5 0 5 6 7 8 8 8 8 7

5 8 8 8 8 7 6 6 3 3 6 6 7 8 8 8 8 5

7 8 8 8 7 6 6 5 0 5 6 6 7 8 8 8 7

5 8 8 8 7 6 6 6 3 3 6 6 6 7 8 8 8 5

7 8 8 7 6 6 6 5 0 5 6 6 6 7 8 8 7

5 8 8 7 6 6 6 6 3 3 6 6 6 6 7 8 8 5

7 8 7 6 6 6 6 5 0 5 6 6 6 6 7 8 7

5 8 7 6 6 6 6 6 3 3 6 6 6 6 6 7 8 5

7 7 6 6 6 6 6 5 0 5 6 6 6 6 6 7 7

5 7 6 6 6 6 6 6 3 3 6 6 6 6 6 6 7 5

6 6 6 6 6 6 6 5 0 5 6 6 6 6 6 6 6

4 6 6 6 6 6 6 6 3 3 6 6 6 6 6 6 6 4

5 6 6 6 6 6 6 5 0 5 6 6 6 6 6 6 5

3 5 6 6 6 6 6 6 3 3 6 6 6 6 6 6 5 3

4 5 6 6 6 6 6 5 0 5 6 6 6 6 6 5 4

3 4 5 6 6 6 6 6 3 3 6 6 6 6 6 5 4 3

4 4 5 6 6 6 6 5 0 5 6 6 6 6 5 4 4

3 4 4 5 6 6 6 6 3 3 6 6 6 6 5 4 4 3

4 4 4 5 6 6 6 5 0 5 6 6 6 5 4 4 4

3 4 4 4 5 6 6 6 3 3 6 6 6 5 4 4 4 3

4 4 4 4 5 6 6 5 0 5 6 6 5 4 4 4 4

3 4 4 4 4 5 6 6 3 3 6 6 5 4 4 4 4 3

4 4 4 4 4 5 6 5 0 5 6 5 4 4 4 4 4

3 4 4 4 4 4 5 6 3 3 6 5 4 4 4 4 4 3

4 4 4 4 4 4 5 5 0 5 5 4 4 4 4 4 4

3 4 4 4 4 4 4 5 3 3 5 4 4 4 4 4 4 3

4 4 4 4 4 4 4 4 0 4 4 4 4 4 4 4 4

3 4 4 4 4 4 4 4 2 2 4 4 4 4 4 4 4 3

4 4 4 4 4 4 4 3 0 3 4 4 4 4 4 4 4

3 4 4 4 4 4 4 3 1 1 3 4 4 4 4 4 4 3

4 4 4 4 4 4 3 2 0 2 3 4 4 4 4 4 4

3 4 4 4 4 4 3 2 1 1 2 3 4 4 4 4 4 3

4 4 4 4 4 3 2 2 0 2 2 3 4 4 4 4 4

3 4 4 4 4 3 2 2 1 1 2 2 3 4 4 4 4 3

4 4 4 4 3 2 2 2 0 2 2 2 3 4 4 4 4

3 4 4 4 3 2 2 2 1 1 2 2 2 3 4 4 4 3

4 4 4 3 2 2 2 2 0 2 2 2 2 3 4 4 4

3 4 4 3 2 2 2 2 1 1 2 2 2 2 3 4 4 3

4 4 3 2 2 2 2 2 0 2 2 2 2 2 3 4 4

3 4 3 2 2 2 2 2 1 1 2 2 2 2 2 3 4 3

4 3 2 2 2 2 2 2 0 2 2 2 2 2 2 3 4

3 3 2 2 2 2 2 2 1 1 2 2 2 2 2 2 3 3

3 2 2 2 2 2 2 2 0 2 2 2 2 2 2 2 3

2 2 2 2 2 2 2 2 1 1 2 2 2 2 2 2 2 2

2 2 2 2 2 2 2 2 0 2 2 2 2 2 2 2 2

2 2 2 2 2 2 2 1 1 2 2 2 2 2 2 2

2 2 2 2 2 2 2 0 2 2 2 2 2 2 2

2 2 2 2 2 2 1 1 2 2 2 2 2 2

2 2 2 2 2 2 0 2 2 2 2 2 2

2 2 2 2 2 1 1 2 2 2 2 2

2 2 2 2 2 0 2 2 2 2 2

2 2 2 2 1 1 2 2 2 2

2 2 2 2 0 2 2 2 2

2 2 2 1 1 2 2 2

2 2 2 0 2 2 2

2 2 1 1 2 2

2 2 0 2 2

2 1 1 2

2 0 2

1 1