128

64 64

32 64 32

16 48 48 16

8 32 48 32 8

4 20 40 40 20 4

2 12 30 40 30 12 2

1 7 21 35 35 21 7 1

3 13 27 34 27 13 3

1 7 19 30 30 19 7 1

3 12 24 30 24 12 3

1 7 18 27 27 18 7 1

3 12 22 26 22 12 3

1 7 17 24 24 17 7 1

3 11 20 24 20 11 3

1 6 15 22 22 15 6 1

3 10 18 22 18 10 3

1 6 14 20 20 14 6 1

3 10 17 20 17 10 3

1 6 13 18 18 13 6 1

3 9 15 18 15 9 3

1 5 11 16 16 11 5 1

2 7 13 16 13 7 2

1 4 9 14 14 9 4 1

2 6 11 14 11 6 2

1 4 8 12 12 8 4 1

2 6 10 12 10 6 2

1 4 8 11 11 8 4 1

2 6 9 10 9 6 2

1 4 7 9 9 7 4 1

2 5 7 9 7 5 2

1 3 5 7 7 5 3 1

1 3 5 6 5 3 1

1 3 5 5 3 1

1 3 4 3 1

1 3 3 1

1 2 1

1 1