64 64

64 0 64

48 32 32 48

32 40 0 40 32

20 36 20 20 36 20

12 28 28 0 28 28 12

7 20 28 14 14 28 20 7

14 24 21 0 21 24 14

9 19 22 10 10 22 19 9

5 14 21 16 0 16 21 14 5

10 17 18 8 8 18 17 10

6 14 18 13 0 13 18 14 6

10 16 16 7 7 16 16 10

6 13 16 12 0 12 16 13 6

10 15 14 6 6 14 15 10

6 13 15 10 0 10 15 13 6

10 14 12 5 5 12 14 10

6 12 13 9 0 9 13 12 6

9 13 11 4 4 11 13 9

6 11 12 8 0 8 12 11 6

9 12 10 4 4 10 12 9

6 11 11 7 0 7 11 11 6

9 11 9 4 4 9 11 9

6 10 10 7 0 7 10 10 6

8 10 9 4 4 9 10 8

5 9 10 7 0 7 10 9 5

7 9 9 4 4 9 9 7

5 8 9 7 0 7 9 8 5

7 8 8 4 4 8 8 7

5 8 8 6 0 6 8 8 5

7 8 7 3 3 7 8 7

5 8 7 5 0 5 7 8 5

7 7 6 3 3 6 7 7

5 7 6 5 0 5 6 7 5

6 6 6 3 3 6 6 6

4 6 6 5 0 5 6 6 4

5 6 6 3 3 6 6 5

3 5 6 5 0 5 6 5 3

4 5 6 3 3 6 5 4

3 4 5 5 0 5 5 4 3

4 4 5 3 3 5 4 4

3 4 4 4 0 4 4 4 3

4 4 4 2 2 4 4 4

3 4 4 3 0 3 4 4 3

4 4 3 1 1 3 4 4

3 4 3 2 0 2 3 4 3

4 3 2 1 1 2 3 4

3 3 2 2 0 2 2 3 3

3 2 2 1 1 2 2 3

2 2 2 2 0 2 2 2 2

2 2 2 1 1 2 2 2

2 2 2 0 2 2 2

2 2 1 1 2 2

2 2 0 2 2

2 1 1 2

2 0 2

1 1

0