256


128 128


64 128 64


32 96 96 32


16 64 96 64 16


8 40 80 80 40 8


4 24 60 80 60 24 4


2 14 42 70 70 42 14 2


1 8 28 56 70 56 28 8 1


4 18 42 63 63 42 18 4


2 11 30 52 62 52 30 11 2

1 6 20 41 57 57 41 20 6 1

3 13 30 48 56 48 30 13 3


1 7 21 39 52 52 39 21 7 1

3 13 28 45 52 45 28 13 3

1 7 20 36 48 48 36 20 7 1

3 13 28 42 48 42 28 13 3

1 7 20 35 45 45 35 20 7 1

3 13 27 39 44 39 27 13 3

1 7 19 32 41 41 32 19 7 1

3 12 25 36 40 36 25 12 3

1 7 18 30 38 38 30 18 7 1

3 12 24 34 38 34 24 12 3

1 7 18 29 36 36 29 18 7 1

3 12 23 32 36 32 23 12 3

1 7 17 27 34 34 27 17 7 1

3 11 21 30 34 30 21 11 3

1 6 15 25 32 32 25 15 6 1

3 10 19 28 32 28 19 10 3

1 6 14 23 30 30 23 14 6 1

3 10 18 26 30 26 18 10 3

1 6 14 22 28 28 22 14 6 1

3 10 18 25 28 25 18 10 3

1 6 14 21 26 26 21 14 6 1

3 10 17 23 26 23 17 10 3

1 6 13 19 24 24 19 13 6 1

3 9 15 21 24 21 15 9 3

1 5 11 17 22 22 17 11 5 1

2 7 13 19 22 19 13 7 2

1 4 9 15 20 20 15 9 4 1

2 6 11 17 20 17 11 6 2

1 4 8 13 18 18 13 8 4 1

2 6 10 15 18 15 10 6 2

1 4 8 12 16 16 12 8 4 1

2 6 10 14 16 14 10 6 2

1 4 8 12 15 15 12 8 4 1

2 6 10 13 14 13 10 6 2

1 4 8 11 13 13 11 8 4 1

2 6 9 11 12 11 9 6 2

1 4 7 9 11 11 9 7 4 1

2 5 7 9 10 9 7 5 2

1 3 5 7 9 9 7 5 3 1

1 3 5 7 8 7 5 3 1

1 3 5 7 7 5 3 1

1 3 5 6 5 3 1

1 3 5 5 3 1

1 3 4 3 1

1 3 3 1 

1 2 1

1 1