512

256 256

128 256 128

64 192 192 64

32 128 192 128 32

16 80 160 160 80 16

8 48 120 160 120 48 8

4 28 84 140 140 84 28 4

2 16 56 112 140 112 56 16 2

1 9 36 84 126 126 84 36 9 1

4 22 60 105 126 105 60 22 4

2 13 41 82 115 115 82 41 13 2

1 7 26 61 98 114 98 61 26 7 1

3 16 43 79 106 106 79 43 16 3

1 9 29 60 92 106 92 60 29 9 1

4 18 44 76 99 99 76 44 18 4

2 11 31 60 87 98 87 60 31 11 2

1 6 20 45 73 92 92 73 45 20 6 1

3 13 32 58 82 92 82 58 32 13 3

1 7 22 45 70 87 87 70 45 22 7 1

3 14 33 57 78 86 78 57 33 14 3

1 8 23 44 67 82 82 67 44 23 8 1

4 15 33 55 74 82 74 55 33 15 4

2 9 23 43 64 78 78 64 43 23 9 2

1 5 15 32 53 71 78 71 53 32 15 5 1

2 9 23 42 61 74 74 61 42 23 9 2

1 5 15 32 51 67 74 67 51 32 15 5 1

2 9 23 41 58 70 70 58 41 23 9 2

1 5 15 31 49 64 70 64 49 31 15 5 1

2 9 22 39 56 67 67 56 39 22 9 2

1 5 15 30 47 61 66 61 47 30 15 5 1

2 9 22 38 53 63 63 53 38 22 9 2

1 5 15 30 45 57 62 57 45 30 15 5 1

2 9 22 37 50 59 59 50 37 22 9 2

1 5 15 29 43 54 58 54 43 29 15 5 1

2 9 21 35 48 56 56 48 35 21 9 2

1 5 14 27 41 52 56 52 41 27 14 5 1

2 9 20 33 46 54 54 46 33 20 9 2

1 5 14 26 39 50 54 50 39 26 14 5 1

2 9 20 32 44 52 52 44 32 20 9 2

1 5 14 26 38 48 52 48 38 26 14 5 1

2 9 20 32 43 50 50 43 32 20 9 2

1 5 14 26 37 46 50 46 37 26 14 5 1

2 9 20 31 41 48 48 41 31 20 9 2

1 5 14 25 35 44 48 44 35 25 14 5 1

2 9 19 29 39 46 46 39 29 19 9 2

1 5 13 23 33 42 46 42 33 23 13 5 1

2 8 17 27 37 44 44 37 27 17 8 2

1 5 12 21 31 40 44 40 31 21 12 5 1

2 8 16 25 35 42 42 35 25 16 8 2

1 5 12 20 29 38 42 38 29 20 12 5 1

2 8 16 24 33 40 40 33 24 16 8 2

1 5 12 20 28 36 40 36 28 20 12 5 1

2 8 16 24 32 38 38 32 24 16 8 2

1 5 12 20 28 35 38 35 28 20 12 5 1

2 8 16 24 31 36 36 31 24 16 8 2

1 5 12 20 27 33 36 33 27 20 12 5 1

2 8 16 23 29 34 34 29 23 16 8 2

1 5 12 19 25 31 34 31 25 19 12 5 1

2 8 15 21 27 32 32 27 21 15 8 2

1 5 11 17 23 29 32 29 23 17 11 5 1

2 7 13 19 25 30 30 25 19 13 7 2

1 4 9 15 21 27 30 27 21 15 9 4 1

2 6 11 17 23 28 28 23 17 11 6 2

1 4 8 13 19 25 28 25 19 13 8 4 1

2 6 10 15 21 26 26 21 15 10 6 2

1 4 8 12 17 23 26 23 17 12 8 4 1

2 6 10 14 19 24 24 19 14 10 6 2

1 4 8 12 16 21 24 21 16 12 8 4 1

2 6 10 14 18 22 22 18 14 10 6 2

1 4 8 12 16 20 22 20 16 12 8 4 1

2 6 10 14 18 21 21 18 14 10 6 2

1 4 8 12 16 19 20 19 16 12 8 4 1

2 6 10 14 17 19 19 17 14 10 6 2

1 4 8 12 15 17 18 17 15 12 8 4 1

2 6 10 13 15 17 17 15 13 10 6 2

1 4 8 11 13 15 16 15 13 11 8 4 1

2 6 9 11 13 15 15 13 11 9 6 2

1 4 7 9 11 13 14 13 11 9 7 4 1

2 5 7 9 11 13 13 11 9 7 5 2

1 3 5 7 9 11 12 11 9 7 5 3 1

1 3 5 7 9 11 11 9 7 5 3 1

1 3 5 7 9 10 9 7 5 3 1

1 3 5 7 9 9 7 5 3 1

1 3 5 7 8 7 5 3 1

1 3 5 7 7 5 3 1

1 3 5 6 5 3 1

1 3 5 5 3 1

1 3 4 3 1

1 3 3 1

1 2 1

1 1
